0.01000000	1.16960710	0.30712468
0.01000000	1.39863157	0.25683333
0.01000000	1.67250206	0.21477713
0.01000000	2.00000000	0.17960760
0.01274996	0.81792471	0.34445518
0.01274996	0.97808514	0.28805100
0.01274996	1.16960710	0.24088294
0.01274996	1.39863157	0.20143861
0.01274996	1.67250206	0.16845325
0.01274996	2.00000000	0.14086920
0.01625614	0.68399038	0.32306313
0.01625614	0.81792471	0.27016187
0.01625614	0.97808514	0.22592314
0.01625614	1.16960710	0.18892846
0.01625614	1.39863157	0.15799162
0.01625614	1.67250206	0.13212066
0.01625614	2.00000000	0.11048603
0.02072650	0.57198766	0.30299961
0.02072650	0.68399038	0.25338373
0.02072650	0.81792471	0.21189241
0.02072650	0.97808514	0.17719524
0.02072650	1.16960710	0.14817971
0.02072650	1.39863157	0.12391543
0.02072650	1.67250206	0.10362441
0.02072650	2.00000000	0.08665602
0.02642620	0.40000000	0.33982871
0.02642620	0.47832527	0.28418211
0.02642620	0.57198766	0.23764758
0.02642620	0.68399038	0.19873304
0.02642620	0.81792471	0.16619071
0.02642620	0.97808514	0.13897715
0.02642620	1.16960710	0.11621978
0.02642620	1.39863157	0.09718891
0.02642620	1.67250206	0.08127433
0.02642620	2.00000000	0.06796574
0.03369328	0.30734570	0.34688400
0.03369328	0.33450041	0.31872398
0.03369328	0.40000000	0.26653326
0.03369328	0.47832527	0.22288871
0.03369328	0.57198766	0.18639092
0.03369328	0.68399038	0.15586960
0.03369328	0.81792471	0.13034611
0.03369328	0.97808514	0.10900207
0.03369328	1.16960710	0.09115309
0.03369328	1.39863157	0.07622687
0.03369328	1.67250206	0.06374480
0.03369328	2.00000000	0.05330665
0.04295878	0.30734570	0.27206683
0.04295878	0.33450041	0.24998047
0.04295878	0.40000000	0.20904643
0.04295878	0.47832527	0.17481529
0.04295878	0.57198766	0.14618947
0.04295878	0.68399038	0.12225109
0.04295878	0.81792471	0.10223260
0.04295878	0.97808514	0.08549212
0.04295878	1.16960710	0.07149287
0.04295878	1.39863157	0.05978599
0.04295878	1.67250206	0.04999609
0.04295878	2.00000000	0.04180929
0.05477226	0.23615344	0.27771530
0.05477226	0.30734570	0.21338650
0.05477226	0.33450041	0.19606380
0.05477226	0.40000000	0.16395856
0.05477226	0.47832527	0.13711051
0.05477226	0.57198766	0.11465881
0.05477226	0.68399038	0.09588355
0.05477226	0.81792471	0.08018271
0.05477226	0.97808514	0.06705288
0.05477226	1.16960710	0.05607304
0.05477226	1.39863157	0.04689114
0.05477226	1.67250206	0.03921276
0.05477226	2.00000000	0.03279171
0.06983438	0.18145186	0.28348103
0.06983438	0.23615344	0.21781668
0.06983438	0.30734570	0.16736255
0.06983438	0.33450041	0.15377607
0.06983438	0.40000000	0.12859540
0.06983438	0.47832527	0.10753803
0.06983438	0.57198766	0.08992879
0.06983438	0.68399038	0.07520304
0.06983438	0.81792471	0.06288862
0.06983438	0.97808514	0.05259068
0.06983438	1.16960710	0.04397901
0.06983438	1.39863157	0.03677749
0.06983438	1.67250206	0.03075521
0.06983438	2.00000000	0.02571908
0.08903852	0.13942112	0.28936646
0.08903852	0.18145186	0.22233884
0.08903852	0.23615344	0.17083721
0.08903852	0.30734570	0.13126520
0.08903852	0.33450041	0.12060911
0.08903852	0.40000000	0.10085949
0.08903852	0.47832527	0.08434385
0.08903852	0.57198766	0.07053263
0.08903852	0.68399038	0.05898299
0.08903852	0.81792471	0.04932458
0.08903852	0.97808514	0.04124773
0.08903852	1.16960710	0.03449346
0.08903852	1.39863157	0.02884519
0.08903852	1.67250206	0.02412182
0.08903852	2.00000000	0.02017190
0.11352372	0.10712620	0.29537408
0.11352372	0.13942112	0.22695488
0.11352372	0.18145186	0.17438402
0.11352372	0.23615344	0.13399044
0.11352372	0.30734570	0.10295346
0.11352372	0.33450041	0.09459571
0.11352372	0.40000000	0.07910576
0.11352372	0.47832527	0.06615227
0.11352372	0.57198766	0.05531991
0.11352372	0.68399038	0.04626133
0.11352372	0.81792471	0.03868608
0.11352372	0.97808514	0.03235128
0.11352372	1.16960710	0.02705379
0.11352372	1.39863157	0.02262376
0.11352372	1.67250206	0.01891914
0.11352372	2.00000000	0.01582115
0.14474223	0.08231194	0.30150643
0.14474223	0.10712620	0.23166676
0.14474223	0.13942112	0.17800445
0.14474223	0.18145186	0.13677226
0.14474223	0.23615344	0.10509091
0.14474223	0.30734570	0.08074810
0.14474223	0.33450041	0.07419297
0.14474223	0.40000000	0.06204395
0.14474223	0.47832527	0.05188432
0.14474223	0.57198766	0.04338831
0.14474223	0.68399038	0.03628352
0.14474223	0.81792471	0.03034213
0.14474223	0.97808514	0.02537364
0.14474223	1.16960710	0.02121873
0.14474223	1.39863157	0.01774419
0.14474223	1.67250206	0.01483859
0.14474223	2.00000000	0.01240879
0.18454570	0.06324555	0.30776610
0.18454570	0.08231194	0.23647646
0.18454570	0.10712620	0.18170006
0.18454570	0.13942112	0.13961183
0.18454570	0.18145186	0.10727273
0.18454570	0.23615344	0.08242453
0.18454570	0.30734570	0.06333206
0.18454570	0.33450041	0.05819077
0.18454570	0.40000000	0.04866209
0.18454570	0.47832527	0.04069373
0.18454570	0.57198766	0.03403017
0.18454570	0.68399038	0.02845776
0.18454570	0.81792471	0.02379783
0.18454570	0.97808514	0.01990096
0.18454570	1.16960710	0.01664220
0.18454570	1.39863157	0.01391706
0.18454570	1.67250206	0.01163815
0.23529494	0.04859562	0.31415572
0.23529494	0.06324555	0.24138602
0.23529494	0.08231194	0.18547239
0.23529494	0.10712620	0.14251035
0.23529494	0.13942112	0.10949986
0.23529494	0.18145186	0.08413577
0.23529494	0.23615344	0.06464692
0.23529494	0.30734570	0.04967238
0.23529494	0.33450041	0.04563998
0.23529494	0.40000000	0.03816648
0.23529494	0.47832527	0.03191676
0.23529494	0.57198766	0.02669042
0.23529494	0.68399038	0.02231989
0.23529494	0.81792471	0.01866503
0.23529494	0.97808514	0.01560865
0.23529494	1.16960710	0.01305275
0.23529494	1.39863157	0.01091538
0.25717319	0.04859562	0.28742985
0.25717319	0.06324555	0.22085082
0.25717319	0.08231194	0.16969387
0.25717319	0.10712620	0.13038670
0.25717319	0.13942112	0.10018448
0.25717319	0.18145186	0.07697817
0.25717319	0.23615344	0.05914727
0.25717319	0.30734570	0.04544665
0.25717319	0.33450041	0.04175729
0.25717319	0.40000000	0.03491958
0.25717319	0.47832527	0.02920153
0.25717319	0.57198766	0.02441981
0.25717319	0.68399038	0.02042109
0.25717319	0.81792471	0.01707716
0.25717319	0.97808514	0.01428079
0.25717319	1.16960710	0.01194233
0.30000000	0.03733914	0.32067800
0.30000000	0.04859562	0.24639751
0.30000000	0.06324555	0.18932303
0.30000000	0.08231194	0.14546905
0.30000000	0.10712620	0.11177321
0.30000000	0.13942112	0.08588254
0.30000000	0.18145186	0.06598907
0.30000000	0.23615344	0.05070364
0.30000000	0.30734570	0.03895887
0.30000000	0.33450041	0.03579619
0.30000000	0.40000000	0.02993460
0.30000000	0.47832527	0.02503284
0.30000000	0.57198766	0.02093374
0.30000000	0.68399038	0.01750586
0.30000000	0.81792471	0.01463929
0.30000000	0.97808514	0.01224212
0.30000000	1.16960710	0.01023749
0.34995871	0.03733914	0.27489929
0.34995871	0.04859562	0.21122278
0.34995871	0.06324555	0.16229603
0.34995871	0.08231194	0.12470247
0.34995871	0.10712620	0.09581692
0.34995871	0.13942112	0.07362229
0.34995871	0.18145186	0.05656874
0.34995871	0.23615344	0.04346539
0.34995871	0.30734570	0.03339725
0.34995871	0.33450041	0.03068607
0.34995871	0.40000000	0.02566126
0.34995871	0.47832527	0.02145925
0.34995871	0.57198766	0.01794532
0.34995871	0.68399038	0.01500679
0.34995871	0.81792471	0.01254945
0.34995871	0.97808514	0.01049449
0.40823700	0.02869006	0.30669798
0.40823700	0.03733914	0.23565576
0.40823700	0.04859562	0.18106946
0.40823700	0.06324555	0.13912730
0.40823700	0.08231194	0.10690044
0.40823700	0.10712620	0.08213847
0.40823700	0.13942112	0.06311227
0.40823700	0.18145186	0.04849321
0.40823700	0.23615344	0.03726045
0.40823700	0.30734570	0.02862960
0.40823700	0.33450041	0.02630545
0.40823700	0.40000000	0.02199796
0.40823700	0.47832527	0.01839581
0.40823700	0.57198766	0.01538352
0.40823700	0.68399038	0.01286448
0.40823700	0.81792471	0.01075794
0.47622032	0.02204441	0.34217495
0.47622032	0.02869006	0.26291500
0.47622032	0.03733914	0.20201448
0.47622032	0.04859562	0.15522070
0.47622032	0.06324555	0.11926604
0.47622032	0.08231194	0.09163976
0.47622032	0.10712620	0.07041271
0.47622032	0.13942112	0.05410261
0.47622032	0.18145186	0.04157051
0.47622032	0.23615344	0.03194129
0.47622032	0.30734570	0.02454255
0.47622032	0.33450041	0.02255019
0.47622032	0.40000000	0.01885762
0.47622032	0.47832527	0.01576970
0.47622032	0.57198766	0.01318743
0.47622032	0.68399038	0.01102800
0.55552483	0.02204441	0.29332742
0.55552483	0.02869006	0.22538230
0.55552483	0.03733914	0.17317570
0.55552483	0.04859562	0.13306201
0.55552483	0.06324555	0.10224009
0.55552483	0.08231194	0.07855763
0.55552483	0.10712620	0.06036087
0.55552483	0.13942112	0.04637914
0.55552483	0.18145186	0.03563607
0.55552483	0.23615344	0.02738148
0.55552483	0.30734570	0.02103895
0.55552483	0.33450041	0.01933101
0.55552483	0.40000000	0.01616558
0.55552483	0.47832527	0.01351848
0.55552483	0.57198766	0.01130484
0.64803584	0.01693814	0.32725777
0.64803584	0.02204441	0.25145317
0.64803584	0.02869006	0.19320762
0.64803584	0.03733914	0.14845383
0.64803584	0.04859562	0.11406661
0.64803584	0.06324555	0.08764470
0.64803584	0.08231194	0.06734306
0.64803584	0.10712620	0.05174400
0.64803584	0.13942112	0.03975824
0.64803584	0.18145186	0.03054881
0.64803584	0.23615344	0.02347261
0.64803584	0.30734570	0.01803551
0.64803584	0.33450041	0.01657139
0.64803584	0.40000000	0.01385784
0.64803584	0.47832527	0.01158864
0.75595263	0.01693814	0.28053975
0.75595263	0.02204441	0.21555671
0.75595263	0.02869006	0.16562607
0.75595263	0.03733914	0.12726115
0.75595263	0.04859562	0.09778292
0.75595263	0.06324555	0.07513290
0.75595263	0.08231194	0.05772943
0.75595263	0.10712620	0.04435723
0.75595263	0.13942112	0.03408251
0.75595263	0.18145186	0.02618778
0.75595263	0.23615344	0.02012175
0.75595263	0.30734570	0.01546084
0.75595263	0.33450041	0.01420573
0.75595263	0.40000000	0.01187955
0.88184070	0.01301466	0.31299090
0.88184070	0.01693814	0.24049102
0.88184070	0.02204441	0.18478470
0.88184070	0.02869006	0.14198195
0.88184070	0.03733914	0.10909385
0.88184070	0.04859562	0.08382382
0.88184070	0.06324555	0.06440722
0.88184070	0.08231194	0.04948821
0.88184070	0.10712620	0.03802497
0.88184070	0.13942112	0.02921703
0.88184070	0.18145186	0.02244932
0.88184070	0.23615344	0.01724925
0.88184070	0.30734570	0.01325371
0.88184070	0.33450041	0.01217777
0.88184070	0.40000000	0.01018368
1.02869278	0.01000000	0.34919580
1.02869278	0.01301466	0.26830957
1.02869278	0.01693814	0.20615948
1.02869278	0.02204441	0.15840557
1.02869278	0.02869006	0.12171317
1.02869278	0.03733914	0.09352005
1.02869278	0.04859562	0.07185746
1.02869278	0.06324555	0.05521270
1.02869278	0.08231194	0.04242347
1.02869278	0.10712620	0.03259668
1.02869278	0.13942112	0.02504612
1.02869278	0.18145186	0.01924454
1.02869278	0.23615344	0.01478682
1.02869278	0.30734570	0.01136166
1.02869278	0.33450041	0.01043932
1.20000000	0.01000000	0.29934600
1.20000000	0.01301466	0.23000676
1.20000000	0.01693814	0.17672897
1.20000000	0.02204441	0.13579222
1.20000000	0.02869006	0.10433789
1.20000000	0.03733914	0.08016950
1.20000000	0.04859562	0.06159938
1.20000000	0.06324555	0.04733076
1.20000000	0.08231194	0.03636726
1.20000000	0.10712620	0.02794330
1.20000000	0.13942112	0.02147064
1.20000000	0.18145186	0.01649727
1.20000000	0.23615344	0.01267591